1
3
13
1.065309 0.001582 -0.000490 -0.003444 0.008752 0.007405 0.005550 0.006430 0.003028 -0.003493 0.012994 -0.012437 0.005481 
0.075149 1.028179 0.004545 0.009362 0.002036 0.020273 -0.006396 0.024892 -0.005255 -0.008447 0.009842 0.002839 -0.009967 
0.035579 0.020442 0.978765 0.004241 0.006540 -0.001671 0.023088 0.006312 -0.019150 0.004870 -0.010527 -0.011681 -0.018894 
0.042636 0.007430 -0.024186 1.001177 -0.000236 0.007391 -0.014265 0.029954 0.006872 -0.030869 0.010476 -0.000510 -0.002415 
0.105713 0.029429 -0.003948 0.019562 1.005113 0.009178 -0.004683 0.000679 0.012888 -0.007983 -0.022669 -0.002343 -0.001343 
0.016585 0.002334 0.016945 -0.008814 0.009735 0.993589 -0.003100 -0.021749 0.003621 -0.002217 0.002946 0.003892 -0.008537 
-0.017396 0.017576 0.028016 0.010895 -0.000659 -0.010283 1.013921 0.037439 -0.038654 0.015630 0.039790 -0.001475 -0.003064 
-0.031333 -0.005366 -0.011270 0.008497 -0.025737 -0.034482 -0.010644 1.014498 -0.001949 0.005236 -0.009552 0.025375 -0.024546 
0.036863 -0.024091 -0.014292 -0.007519 0.005675 -0.000187 -0.002870 -0.030743 1.025903 -0.002640 -0.024558 -0.026346 0.001333 
0.072099 0.019577 -0.045921 -0.019065 0.008605 0.016626 0.004502 0.003463 -0.027676 0.987578 0.005144 -0.009602 0.024015 
-0.038324 -0.002116 0.006722 0.001728 -0.009631 0.011601 -0.019448 0.030554 -0.019400 -0.005493 0.991589 0.054628 -0.026784 
0.000077 -0.019062 0.006369 -0.008678 -0.012159 -0.006399 -0.021608 0.000561 0.000362 0.009800 -0.009821 0.974144 0.003842 
-0.068386 -0.012032 0.024376 0.009974 0.014108 -0.020369 0.009003 -0.019258 0.017708 -0.013389 0.035757 -0.048318 1.026496 
0.304915 -0.106790 0.356368 0.471791 0.105151 -0.025374 -0.063282 0.339040 -0.067979 0.181230 0.098143 -0.007427 0.127163 
1.0 1.0 1.0 1.0 1.0 1.0 1.0 1.0 1.0 1.0 1.0 1.0 1.0 
13
1.041608 -0.007876 -0.019919 0.000344 0.007569 0.003041 0.000237 0.004280 -0.001482 0.002715 -0.001998 -0.001384 -0.000516 
0.062528 1.039025 -0.015921 0.012823 0.005325 -0.003856 0.019449 -0.000273 -0.004935 0.003360 0.003944 -0.006162 -0.000615 
0.010749 0.034967 1.017013 0.004973 -0.006196 -0.003185 0.021458 0.006857 -0.012276 -0.000534 0.008638 0.001577 -0.008945 
0.006449 0.029074 -0.013670 1.006515 0.000877 0.000675 -0.003464 0.023335 0.000309 -0.013036 0.024698 -0.016774 0.019827 
0.116606 0.032351 -0.024568 0.019138 1.021955 -0.001173 0.006888 -0.013723 0.016336 0.003383 -0.009334 -0.004374 0.019033 
0.029370 0.024806 0.004796 -0.003626 0.008907 0.993011 0.012608 -0.013340 0.001203 0.015642 -0.006904 0.001704 0.009374 
-0.083456 0.024244 0.042891 0.018681 -0.026423 0.000264 0.989524 0.043737 -0.048186 0.024422 0.011193 0.003829 -0.016736 
0.010700 0.009407 0.002996 0.007228 -0.011547 -0.026652 0.013810 1.013353 -0.000732 0.024495 -0.028228 0.010470 -0.012832 
0.113584 -0.007928 -0.026895 0.005844 0.014091 0.021451 -0.003444 -0.015490 1.023006 0.017870 -0.032422 -0.002293 0.011095 
0.101250 0.025937 -0.038148 -0.014468 0.007913 0.007756 0.008001 0.014692 -0.028008 1.017755 -0.006178 0.003734 -0.011786 
-0.065509 -0.002034 -0.000841 -0.001120 -0.016563 -0.002477 0.002133 -0.000570 -0.003148 -0.021571 1.000614 0.028034 -0.034946 
-0.002392 -0.022706 0.011919 -0.008904 -0.010497 0.001985 -0.007566 -0.004204 0.013622 -0.003077 0.010161 0.964954 0.029131 
-0.128265 -0.029312 0.002143 0.002979 0.023342 -0.015106 0.009834 -0.012034 0.010862 -0.023889 0.032930 -0.057803 1.047605 
0.114794 0.004619 -0.028631 0.016617 0.051589 -0.010151 0.011602 0.074009 -0.005500 -0.005465 -0.027755 0.021689 -0.063897 
1.0 1.0 1.0 1.0 1.0 1.0 1.0 1.0 1.0 1.0 1.0 1.0 1.0 
13
1.064468 -0.009310 -0.016258 0.001373 0.004817 0.005979 -0.007664 0.008622 -0.005605 0.005679 -0.005565 0.005472 -0.003865 
0.065924 1.058760 -0.011078 0.004103 0.005487 -0.000056 0.007372 0.010026 -0.010283 0.010449 -0.003960 -0.002174 0.000517 
-0.005771 0.040439 1.036105 0.004107 -0.016819 0.006136 0.014135 0.012388 -0.011560 0.000305 0.003220 0.003747 -0.006289 
0.008396 0.024403 -0.010677 1.018530 0.002229 -0.003453 0.004140 0.008964 0.010009 -0.011315 0.019154 -0.009156 0.009421 
0.129761 0.024040 -0.017678 0.007746 1.026881 -0.000783 -0.006800 -0.003028 0.013097 0.003109 -0.002236 -0.007521 0.012071 
0.034820 0.012639 0.009940 -0.010783 0.008188 1.003216 0.010022 -0.010316 0.007492 0.010920 -0.001607 0.000318 0.004651 
-0.089696 0.015622 0.029342 0.009539 -0.012861 -0.007382 1.005164 0.021895 -0.015199 0.003701 0.017940 -0.009826 0.001672 
0.044315 0.009329 0.026528 -0.000627 -0.000246 -0.021607 0.022539 0.997451 0.011555 0.009563 -0.016781 0.014383 -0.008079 
0.086148 -0.017197 -0.022027 0.001158 0.022829 0.014632 -0.013899 0.005312 1.005717 0.013536 -0.015043 0.003126 0.000581 
0.076331 0.025024 -0.019613 -0.003455 0.009745 0.018730 -0.005754 0.013156 -0.012239 1.010049 -0.000107 0.000660 -0.008980 
-0.045336 -0.012150 0.007783 0.001516 -0.009496 -0.007377 0.003609 -0.004649 -0.004294 -0.006958 1.001596 0.007134 -0.020850 
0.018276 -0.017328 0.005342 -0.005251 -0.003570 -0.001438 -0.001880 0.001067 0.003691 -0.001209 0.002161 0.980624 0.016809 
-0.106931 -0.012545 -0.008073 0.007199 0.010691 -0.007937 0.008920 -0.006757 0.007281 -0.016400 0.009387 -0.029099 1.018410 
-0.036767 0.031834 -0.033293 -0.082659 0.026597 0.024744 -0.022743 -0.028616 0.015179 0.026379 -0.031038 0.000833 -0.005225 
1.0 1.0 1.0 1.0 1.0 1.0 1.0 1.0 1.0 1.0 1.0 1.0 1.0 
